  Stratified by SatisfactionGroups
                           Low           Medium        High          p      test
  n                           72           272            58                    
  Age (mean (sd))          40.40 (17.74) 38.15 (16.26) 35.62 (13.43)  0.246     
  Sex = M (%)                 38 (52.8)    115 (42.3)     34 (58.6)   0.039     
  Education (%)                                                      <0.001     
     1                        18 (25.0)     48 (17.6)      1 ( 1.7)             
     2                         6 ( 8.3)     17 ( 6.2)      4 ( 6.9)             
     3                         5 ( 6.9)      6 ( 2.2)      0 ( 0.0)             
     4                        16 (22.2)    102 (37.5)      5 ( 8.6)             
     5                        16 (22.2)     60 (22.1)     24 (41.4)             
     6                         8 (11.1)     36 (13.2)     18 (31.0)             
     7                         3 ( 4.2)      2 ( 0.7)      6 (10.3)             
     10                        0 ( 0.0)      1 ( 0.4)      0 ( 0.0)             
  Occupation (%)                                                      0.026     
     1                        35 (48.6)    140 (51.5)     19 (32.8)             
     2                        17 (23.6)     27 ( 9.9)     10 (17.2)             
     3                         6 ( 8.3)     17 ( 6.2)      3 ( 5.2)             
     4                         5 ( 6.9)     28 (10.3)      7 (12.1)             
     5                         9 (12.5)     54 (19.9)     17 (29.3)             
     6                         0 ( 0.0)      6 ( 2.2)      2 ( 3.4)             
  Income (%)                                                         <0.001     
     1                        59 (81.9)    213 (78.3)     27 (46.6)             
     2                         5 ( 6.9)     43 (15.8)     10 (17.2)             
     3                         0 ( 0.0)      8 ( 2.9)      7 (12.1)             
     4                         0 ( 0.0)      4 ( 1.5)      8 (13.8)             
     5                         8 (11.1)      4 ( 1.5)      6 (10.3)             
  one (mean (sd))           4.26 (0.82)   4.73 (0.51)   5.00 (0.00)  <0.001     
  Two (mean (sd))           3.92 (0.85)   4.64 (0.50)   5.00 (0.00)  <0.001     
  Three (mean (sd))         3.89 (0.78)   4.64 (0.52)   5.00 (0.00)  <0.001     
  Four (mean (sd))          4.12 (0.75)   4.71 (0.47)   5.00 (0.00)  <0.001     
  Five (mean (sd))          3.76 (0.90)   4.54 (0.55)   4.93 (0.26)  <0.001     
  Six (mean (sd))           3.69 (0.96)   4.45 (0.76)   4.98 (0.13)  <0.001     
  Seven (mean (sd))         3.47 (0.82)   4.14 (0.72)   4.84 (0.37)  <0.001     
  Eight (mean (sd))         3.65 (0.97)   4.29 (0.70)   4.93 (0.26)  <0.001     
  Nine (mean (sd))          3.72 (1.19)   4.26 (0.97)   4.86 (0.35)  <0.001     
  Ten (mean (sd))           4.06 (0.69)   4.57 (0.57)   5.00 (0.00)  <0.001     
  Eleven (mean (sd))        3.79 (0.67)   4.56 (0.59)   5.00 (0.00)  <0.001     
  Twelve (mean (sd))        2.54 (1.01)   4.35 (0.81)   5.00 (0.00)  <0.001     
  Thirteen (mean (sd))      3.68 (0.80)   4.56 (0.57)   5.00 (0.00)  <0.001     
  Fourteen (mean (sd))      3.71 (0.86)   4.53 (0.51)   5.00 (0.00)  <0.001     
  Fifteen (mean (sd))       3.42 (0.93)   4.36 (0.70)   5.00 (0.00)  <0.001     
  Sixteen (mean (sd))       3.92 (0.75)   4.61 (0.50)   4.97 (0.18)  <0.001     
  Seventeen (mean (sd))     3.93 (0.68)   4.60 (0.54)   5.00 (0.00)  <0.001     
  Eighteen (mean (sd))      3.93 (0.79)   4.59 (0.56)   5.00 (0.00)  <0.001     
  Nineteen (mean (sd))      3.93 (0.78)   4.66 (0.51)   5.00 (0.00)  <0.001     
  Twenty (mean (sd))        3.67 (0.86)   4.60 (0.55)   5.00 (0.00)  <0.001     
  Twenty.one (mean (sd))    3.65 (0.77)   4.63 (0.52)   5.00 (0.00)  <0.001     
  twenty.two (mean (sd))    3.93 (0.79)   4.66 (0.52)   5.00 (0.00)  <0.001     
  Twenty.three (mean (sd))  3.86 (0.76)   4.61 (0.55)   5.00 (0.00)  <0.001     
