
$values
 [1] 10.5334371  1.2022115  1.0733492  1.0475052  0.9061915  0.7928370  0.7832593  0.7214605  0.6170221  0.5359740  0.5168324
[12]  0.5097640  0.4770544  0.4439140  0.4175464  0.3867494  0.3496281  0.3349499  0.3167713  0.2971912  0.2588000  0.2439371
[23]  0.2336145

$vectors
             [,1]         [,2]        [,3]        [,4]        [,5]        [,6]         [,7]        [,8]          [,9]       [,10]
 [1,] -0.19801404  0.104671810  0.10202519 -0.25423821 -0.28900942 -0.32148432 -0.021083186  0.16060321  0.3868312467  0.45080245
 [2,] -0.21086667  0.092809410 -0.13502254 -0.19910893  0.15798862  0.21111683  0.293066077  0.24986312  0.0266398799  0.14692545
 [3,] -0.21836906 -0.004097890  0.04277346 -0.18041549 -0.20060411 -0.12151681  0.291936364  0.32861572  0.1482717149 -0.07865991
 [4,] -0.20493806  0.206505817  0.08018777 -0.01444156  0.09679297  0.30655784  0.448741794  0.23397559 -0.1635108403  0.03650338
 [5,] -0.20529065  0.075306338 -0.10575539 -0.10478465  0.06281964  0.05141299 -0.463059035  0.38504116 -0.0227263004 -0.43511031
 [6,] -0.19028480  0.157303176 -0.44627920 -0.26793822  0.03983891 -0.08075982 -0.188497488  0.10316237 -0.3393850376  0.17152669
 [7,] -0.18306936 -0.094690987 -0.25407154 -0.30359823 -0.36841572  0.12309031  0.068200367 -0.37683609  0.1434103687 -0.28934913
 [8,] -0.16973984 -0.184482730  0.15720784 -0.02580118 -0.53223413  0.47659543 -0.212379321 -0.01261420  0.0927793416 -0.06303324
 [9,] -0.08979133 -0.681170659  0.30918470 -0.16431373  0.12450382  0.11388361 -0.127816849  0.18025422 -0.2945002831  0.26173870
[10,]  0.05485655 -0.289203876 -0.56432701  0.57558112 -0.27741035 -0.05604229  0.125140964  0.28689858  0.0512380465  0.09385708
[11,] -0.22273740 -0.026898274 -0.14377325  0.03797150  0.03241451  0.27579440  0.073962571 -0.12885391 -0.2285184009  0.12107175
[12,] -0.22878798 -0.321779616 -0.09139074  0.06369808  0.14806054 -0.06029875  0.141384588  0.08689172  0.0387957952 -0.19783646
[13,] -0.24052850 -0.182175648  0.01772864  0.08088075  0.10736265 -0.15935463 -0.005090205 -0.20525985  0.1198429036  0.09153218
[14,] -0.23136133 -0.002647932 -0.09215521  0.00275670 -0.03557875 -0.17379027  0.092663643 -0.23982182 -0.1297455366  0.01160078
[15,] -0.20868086 -0.174293997 -0.08907242 -0.09816051  0.03356457 -0.42519267 -0.129502774 -0.01372283 -0.2001337107 -0.10189105
[16,] -0.22856601  0.013047672  0.19623076  0.08829069 -0.19928898 -0.22548289  0.235966933 -0.14532811 -0.2123299309 -0.05494047
[17,] -0.22321176  0.088670206  0.24329677  0.28346805 -0.12319470 -0.14289910  0.108451519 -0.12765491 -0.2575014684 -0.07787771
[18,] -0.22447951  0.237236886  0.15516777  0.19886335 -0.07364477 -0.12516286 -0.305288788  0.21002223 -0.0003093369  0.08524100
[19,] -0.22431123  0.252570048  0.14939400  0.29264514 -0.09846107  0.11334377 -0.128722243  0.03912393 -0.2130543967 -0.08826274
[20,] -0.23673729 -0.061348540  0.06859267  0.24065382  0.14716460  0.06855449 -0.141742493 -0.06694789  0.3222779013  0.19322215
[21,] -0.24215416  0.062462315 -0.05119272  0.18059928  0.20911045  0.19615535 -0.106663943 -0.10506583  0.2506637513  0.18388549
[22,] -0.21781478 -0.095138877  0.07796322  0.03441128  0.33493773 -0.06115127  0.128923556  0.03508902  0.3437148231 -0.43037721
[23,] -0.23044778  0.063715128 -0.21485076 -0.04820359  0.20108944  0.11396390 -0.138626821 -0.33072645  0.0104213308  0.17524355
            [,11]        [,12]       [,13]       [,14]        [,15]       [,16]        [,17]        [,18]         [,19]       [,20]
 [1,] -0.11811410 -0.159876895 -0.06258862 -0.23207636 -0.115720753  0.27058686  0.198004659  0.097316825  0.0466258394 -0.11344878
 [2,] -0.16345383  0.365713265 -0.05251649 -0.41672112 -0.122808128 -0.50741821 -0.090922441 -0.082625889  0.0205582656 -0.10315708
 [3,]  0.26833786 -0.247100212 -0.14292620  0.34530134  0.163803246 -0.21175774 -0.224111324 -0.164210914  0.2766021801  0.34232029
 [4,] -0.04483074  0.159173740  0.17067502  0.14039062  0.240708542  0.53588767 -0.045149689  0.218339070 -0.1105180127  0.01263102
 [5,] -0.07518820 -0.166511379  0.24194666 -0.18647469  0.226517913 -0.01265704  0.007027118  0.275495828  0.2922176175 -0.15925773
 [6,]  0.15515420 -0.065513136  0.03037233  0.31436337 -0.025249543 -0.16288813  0.320844971  0.005263965 -0.4279264529  0.09220869
 [7,] -0.38899739  0.031215587 -0.23672013  0.09406674  0.242148610  0.06079800 -0.162263089  0.017421952 -0.2024017822 -0.16497745
 [8,]  0.31496824  0.242533530  0.18809430 -0.05584228 -0.209392527 -0.01415594  0.184257333 -0.049256831 -0.0432317841  0.18001980
 [9,] -0.29924445 -0.043977189 -0.09852338  0.14930155  0.001541369 -0.01108608 -0.042198500  0.122766487  0.0007872379  0.06251925
[10,] -0.12258667  0.067834381 -0.04790359  0.01636344 -0.043856501  0.03184333  0.012881434  0.203610853  0.0656036961  0.04499227
[11,]  0.31121103 -0.520761031 -0.26738086 -0.28721386 -0.219400537  0.15837939 -0.100170454  0.085841903  0.0333677785 -0.22070009
[12,] -0.05417336 -0.126428285  0.13305672 -0.06687362  0.052719234  0.13110585  0.292571349 -0.665352728 -0.0213620877 -0.24397823
[13,]  0.13374628 -0.033186603  0.11230756 -0.31669325  0.389239770 -0.18310620 -0.060534966  0.287605450 -0.2753709010  0.26558181
[14,] -0.25355495 -0.186458334  0.60599932 -0.08473586 -0.291119790  0.04735251 -0.265988149 -0.087582894  0.0416043385  0.33307353
[15,]  0.37160346  0.487504005 -0.18629824 -0.12484574 -0.049146126  0.30034238 -0.330279953 -0.062145798  0.0555134467 -0.04864536
[16,]  0.07022392  0.107967938  0.22976475  0.25869113 -0.174717996 -0.25645834  0.124486022  0.274715421  0.1529838826 -0.50538553
[17,] -0.05258540 -0.008306782 -0.22179366 -0.19273612  0.336855606 -0.09322728  0.436512582 -0.028180329  0.0650309169  0.16906735
[18,] -0.29545169  0.132641422 -0.09237039  0.11324091 -0.089167910  0.07633085 -0.060300309 -0.158781440 -0.2022892903 -0.01047479
[19,] -0.15551573 -0.099677081 -0.26329908 -0.03064829 -0.160890494 -0.07670971 -0.302057673 -0.136704911 -0.0818837382  0.10395145
[20,]  0.11494147 -0.096907547  0.05097926  0.28476322  0.148630857 -0.18507453 -0.277165426  0.008517800 -0.1285590021 -0.32839823
[21,]  0.14658129  0.162203402  0.13957194  0.07755074  0.124019923  0.11770989  0.058546245 -0.140357872  0.0419687733  0.03005501
[22,] -0.01948687 -0.007923519 -0.20933053  0.09989587 -0.472932161  0.04154972  0.213988507  0.295054054 -0.2098294503  0.18695905
[23,] -0.16182376  0.142212643 -0.17718747  0.20119421 -0.042879850  0.03619569  0.170175688  0.050751551  0.6109341567  0.17039331
             [,21]       [,22]        [,23]
 [1,] -0.239606029 -0.05738828  0.022089224
 [2,]  0.043483496  0.02623824  0.103582359
 [3,]  0.145850402 -0.05604339 -0.042775592
 [4,] -0.092537436  0.16460228 -0.046318282
 [5,] -0.024473170 -0.04518478  0.058397682
 [6,] -0.126359286 -0.01688006  0.055486247
 [7,]  0.072232452 -0.12301534  0.065494799
 [8,] -0.033857268  0.17592662 -0.013866427
 [9,]  0.002227459 -0.15494275  0.066593974
[10,] -0.010996262 -0.02538597  0.015644885
[11,]  0.314163221  0.01675623  0.005690813
[12,] -0.123896864  0.11948360 -0.242895828
[13,]  0.015192359  0.08090289 -0.493792128
[14,]  0.045803882  0.03360538  0.262000889
[15,] -0.054132442  0.02631984  0.136061664
[16,]  0.043558597 -0.16972925 -0.229642903
[17,]  0.032803292  0.04273993  0.477860131
[18,]  0.619427927  0.18058810 -0.194519957
[19,] -0.567308305 -0.20530335 -0.237753031
[20,] -0.188798869  0.38024024  0.375919753
[21,]  0.139988824 -0.73734431  0.096765197
[22,] -0.003742849 -0.00938469  0.086826771
[23,] -0.068849372  0.27577905 -0.213236568



> nS # Sisplays number of components retained by various methods kaiser(Eigenvalues>mean,Parallel analysis,optimal coordinates and Acceleration Factor)
  noc naf nparallel nkaiser
1   1   1         1       4
> summary(nS)
Report For a nScree Class 

Details: components 

   Eigenvalues Prop Cumu Par.Analysis Pred.eig     OC Acc.factor     AF
1           11    0    0            1        1 (< OC)         NA (< AF)
2            1    0    1            1        1                 9       
3            1    0    1            1        1                 0       
4            1    0    1            1        1                 0       
5            1    0    1            1        1                 0       
6            1    0    1            1        1                 0       
7            1    0    1            1        1                 0       
8            1    0    1            1        1                 0       
9            1    0    1            1        1                 0       
10           1    0    1            1        1                 0       
11           1    0    1            1        1                 0       
12           1    0    1            1        1                 0       
13           0    0    1            1        0                 0       
14           0    0    1            1        0                 0       
15           0    0    1            1        0                 0       
16           0    0    1            1        0                 0       
17           0    0    1            1        0                 0       
18           0    0    1            1        0                 0       
19           0    0    1            1        0                 0       
20           0    0    1            1        0                 0       
21           0    0    1            1        0                 0       
22           0    0    1            1       NA                 0       
23           0    0    1            1       NA                NA       


 Number of factors retained by index 

  noc naf nparallel nkaiser
1   1   1         1       4






